#            SECTION     NPIX     MEAN   MEDIAN   STDDEV      MIN      MAX
[1552:1556,1445:1449]       25 -0.09113  -0.2415    3.499   -6.123    7.366
[1577:1581,1119:1123]       25    1.821    2.451    3.593    -4.87     8.61
 [657:661,1413:1417]       25  0.09226  -0.1396    7.069    -14.5    15.31
 [669:673,1570:1574]       25  -0.7404   -1.813    5.372    -9.73     10.6
 [572:576,1139:1143]       25  -0.5444  -0.6109    5.282   -9.376    10.78
 [597:601,1050:1054]       25   -1.685   -1.282    7.497   -13.35    13.77
   [701:705,970:974]       25 -0.03799   -1.284     6.09   -9.846    12.83
   [783:787,963:967]       25   -1.231  -0.4264    5.612    -11.7    10.64
   [833:837,873:877]       25    2.177    2.786    5.993   -12.02     14.5
   [890:894,923:927]       25    1.544   0.8656    7.094   -14.37    14.81
   [898:902,821:825]       25   0.6019   0.1316    5.772   -9.933    10.22
   [982:986,793:797]       25    1.738    2.473    4.257   -8.622    7.854
 [1067:1071,781:785]       25    2.008    2.184    3.437   -4.204    8.429
 [1102:1106,863:867]       25    1.926    1.642    4.472   -6.211    12.41
 [1206:1210,873:877]       25    2.267      2.1    3.784   -5.583    12.27
 [1301:1305,871:875]       25   0.8252    1.423    4.376   -6.651    9.722
 [1351:1355,950:954]       25  -0.4866  -0.4212     4.25   -10.38    6.144
 [1423:1427,875:879]       25    1.215    2.141     4.31   -8.499    10.32
 [1435:1439,985:989]       25    1.463    2.031    4.687   -6.449    9.557
 [1540:1544,953:957]       25    1.483     1.74     3.88   -5.333    9.587
[1597:1601,1040:1044]       25   -1.841   -1.985    3.655   -11.33    4.458
[1552:1556,1119:1123]       25   0.6698   0.8481     4.23   -8.769    11.05
[1483:1487,1196:1200]       25   0.9207   0.4848    4.725   -8.317    10.07
[1677:1681,1425:1429]       25  -0.2213   -1.607    3.999   -6.912    7.041
[1560:1564,1483:1487]       25  -0.3647  -0.2356     4.44   -8.786    9.087
[1172:1176,1495:1499]       25   0.6643   0.2931    3.772    -5.05    8.411
[1050:1054,1652:1656]       25    -2.15    -2.04    4.848   -10.06    8.576
[1080:1084,1717:1721]       25   0.9355   0.8432    4.651   -7.946    8.331
[1216:1220,1717:1721]       25   0.9599    1.092    3.907   -6.321    8.172
[1943:1947,1657:1661]       25   0.3489  -0.4474     4.15   -6.655    9.795
[1950:1954,1513:1517]       25   -0.782  -0.6093    5.532   -14.52    10.87
[1973:1977,1308:1312]       25    1.961   0.7467    5.136   -7.359    15.96
 [1973:1977,958:962]       25      1.9    2.405    3.653   -5.291    7.169
 [1945:1949,694:698]       25   0.7568    1.527    4.083   -6.082    10.47
 [1759:1763,734:738]       25   0.6889  -0.5767    3.908   -5.321    8.471
 [1343:1347,709:713]       25  -0.3316 -0.00513    4.143   -7.612    7.957
   [746:750,741:745]       25    2.843    3.102    7.271   -12.81    18.24
   [597:601,739:743]       25    -2.26   -2.961    5.432   -10.52    7.977
   [465:469,726:730]       25   0.6938   -0.595    5.753   -12.31    10.04
 [430:434,1152:1156]       25   0.3029  -0.2828    5.433   -8.517     12.8
 [505:509,1271:1275]       25  -0.9618   0.2676    5.127   -12.26    9.781
 [579:583,1433:1437]       25   0.2517   0.3254     5.17   -12.12    8.247
 [487:491,1545:1549]       25   -3.187   -3.733    5.848   -11.94    10.13
 [420:424,1652:1656]       25   -1.536   -1.296    4.303   -11.37    6.182
 [472:476,1719:1723]       25    2.011   0.7687    5.252   -10.25    12.25
 [696:700,1565:1569]       25  -0.2166   0.6521    7.353   -11.74    12.51
[1010:1014,1542:1546]       25    1.053    1.438    4.309   -7.104    7.349
[997:1001,1363:1367]       25  -0.6813   -1.986    5.128   -7.698    11.47
 [935:939,1057:1061]       25  -0.1404   0.7259    7.021   -11.11    12.29
 [796:800,1000:1004]       25    1.689    1.815    5.869   -8.509    12.13
   [602:606,806:810]       25    2.227     3.48    5.506   -8.405    14.05
