    1    3.03      3332.       4.07      24.4      17.3 0.1689    0.0048  -41.09
    2    3.12      3273.       4.98      29.9      21.1 0.1732    0.0057  -41.35
    3    3.21      3196.       5.14      31.7      22.4 0.1738    0.0059  -40.50
    4    3.31      3135.       4.59      28.3       20. 0.1759    0.0051  -41.27
    5    3.40      3070.        4.9       31.      21.9 0.1804    0.0054  -40.52
    6    3.51      2996.       5.13      32.5       23. 0.1804    0.0057  -40.39
    7    3.61      2801.       24.5      163.      115. 0.1000    0.0057  -25.23
    8    3.72      2735.       25.4      172.      122. 0.1000    0.0051  -23.84
    9    3.83      2657.       25.4      172.      122. 0.1000    0.0041  -23.84
   10    3.95      2588.       29.6      205.      145. 0.1000    0.0051  -54.24
   11    4.07      2517.       31.5      222.      157. 0.1000    0.0053  -57.77
   12    4.19      2438.       33.1      234.      166. 0.1000    0.0058  -60.73
   13    4.31      2366.        32.      231.      163. 0.1000    0.0058  -60.73
   14    4.44      2298.       30.7      225.      159. 0.1000    0.0054  -60.73
   15    4.58      2230.       31.2      234.      165. 0.1000    0.0052  -62.75
   16    4.71      2159.       33.1      247.      175. 0.1000    0.0055   -7.03
   17    4.85      2095.       34.1      260.      184. 0.1000    0.0053   -3.77
   18    5.00      2026.       33.7      261.      184. 0.1000    0.0046  -68.15
   19    5.15      1961.       33.5      264.      187. 0.1000    0.0047  -68.15
   20    5.30      1899.       32.7      262.      185. 0.1000    0.0048  -68.15
   21    5.46      1836.       31.4      255.      180. 0.1000    0.0046  -68.15
   22    5.63      1776.       30.7      253.      179. 0.1000    0.0042  -68.15
   23    5.80      1717.        30.      251.      177. 0.1000    0.0040  -68.15
   24    5.97      1659.       29.6      251.      178. 0.1000    0.0042  -68.15
   25    6.15      1604.       29.4      253.      179. 0.1000    0.0044  -68.15
   26    6.33      1549.       28.9      252.      178. 0.1000    0.0044  -68.15
   27    6.52      1495.       27.8      246.      174. 0.1000    0.0042  -68.15
   28    6.72      1444.       27.1      242.      171. 0.1000    0.0040  -68.15
   29    6.92      1396.        26.      238.      168. 0.1000    0.0041  -68.15
   30    7.13      1350.       25.6      237.      168. 0.1000    0.0042  -67.80
   31    7.34      1304.       24.5      230.      162. 0.1000    0.0042  -66.14
   32    7.56      1260.       23.1      219.      155. 0.1000    0.0044  -63.92
   33    7.79      1218.       21.6      209.      148. 0.1000    0.0046  -61.80
   34    8.02      1349.       1.52      14.1      9.98 0.2719    0.0023  -34.22
   35    8.26      1307.       1.65      15.4      10.9 0.2757    0.0026  -34.05
   36    8.51      1267.       1.79      16.9       12. 0.2793    0.0029  -33.94
   37    8.77      1230.       1.91      18.6      13.1 0.2846    0.0031  -33.88
   38    9.03      1191.       1.94       19.      13.4 0.2877    0.0033  -33.99
   39    9.30      1156.        1.9      18.8      13.3 0.2922    0.0033  -34.02
   40    9.58      1123.       1.87      18.7      13.3 0.2978    0.0034  -33.96
   41    9.87      1092.       1.89      19.3      13.7 0.3036    0.0035  -34.06
   42   10.16      1063.        1.7      17.5      12.4 0.3099    0.0032  -34.12
   43   10.47      1035.        1.7      17.7      12.5 0.3167    0.0033  -34.22
   44   10.78      1008.       1.62       17.       12. 0.3235    0.0032  -34.38
   45   11.11       982.       1.51      16.1      11.4 0.3300    0.0030  -34.61
   46   11.44       957.       1.47      15.8      11.2 0.3363    0.0030  -34.79
   47   11.78       932.        1.4      15.4      10.9 0.3424    0.0029  -34.87
   48   12.14       907.       1.42      15.7      11.1 0.3476    0.0030  -34.93
   49   12.50       883.        1.3      14.6      10.3 0.3524    0.0027  -35.01
   50   12.88       859.       1.29      14.6      10.3 0.3573    0.0028  -35.24
   51   13.26       836.       1.26      14.5      10.3 0.3631    0.0027  -35.43
   52   13.66       814.       1.28      14.8      10.5 0.3689    0.0028  -35.65
   53   14.07       792.       1.26      14.8      10.5 0.3737    0.0028  -35.75
   54   14.49       769.       1.26       15.      10.6 0.3781    0.0028  -35.81
   55   14.93       747.       1.15      13.9      9.81 0.3824    0.0027  -35.71
   56   15.37       725.       1.14      13.9      9.83 0.3859    0.0028  -35.53
   57   15.84       703.       1.13       14.       9.9 0.3894    0.0029  -35.31
   58   16.31       684.       1.08      13.5      9.57 0.3935    0.0028  -35.29
   59   16.80       665.       1.05      13.4      9.47 0.3979    0.0027  -35.25
   60   17.30       647.       1.01       13.      9.18 0.4019    0.0025  -35.06
   61   17.82       629.      0.838      10.9      7.72 0.4057    0.0021  -34.84
   62   18.36       610.      0.739      9.74      6.89 0.4084    0.0019  -34.69
   63   18.91       591.      0.744      9.98      7.05 0.4107    0.0020  -34.62
   64   19.48       573.      0.699      9.48      6.71 0.4148    0.0019  -34.55
   65   20.06       557.      0.762      10.4      7.39 0.4196    0.0021  -34.41
   66   20.66       541.      0.805      11.2      7.93 0.4238    0.0023  -34.24
   67   21.28       525.      0.764      10.8       7.6 0.4285    0.0021  -34.06
   68   21.92       510.      0.749      10.7      7.56 0.4326    0.0021  -33.92
   69   22.58       494.      0.789      11.4      8.04 0.4365    0.0023  -33.81
   70   23.25       479.      0.798      11.7      8.26 0.4410    0.0023  -33.65
   71   23.95       466.      0.805      11.9      8.45 0.4460    0.0026  -33.44
   72   24.67       453.      0.744      11.1      7.87 0.4517    0.0024  -33.31
   73   25.41       441.      0.719      10.9      7.71 0.4577    0.0022  -33.26
   74   26.17       430.       0.72       11.      7.79 0.4635    0.0024  -33.26
   75   26.96       419.      0.712       11.       7.8 0.4706    0.0023  -33.26
   76   27.77       408.      0.736      11.5      8.16 0.4768    0.0024  -33.11
   77   28.60       396.       0.74      11.8      8.31 0.4807    0.0026  -32.99
   78   29.46       384.       0.68      10.9      7.72 0.4837    0.0026  -32.96
   79   30.34       373.      0.654      10.6      7.52 0.4878    0.0027  -33.00
   80   31.25       362.      0.697      11.5      8.12 0.4899    0.0028  -32.97
   81   32.19       352.      0.666      11.1      7.88 0.4910    0.0029  -32.85
   82   33.16       344.       0.63      10.7      7.53 0.4960    0.0027  -32.76
   83   34.15       334.      0.627      10.8       7.6 0.4981    0.0031  -32.72
   84   35.17       326.      0.616      10.7      7.57 0.5008    0.0034  -32.48
   85   36.23       319.      0.636      11.2      7.94 0.5019    0.0036  -32.18
   86   37.32       312.      0.661      11.8      8.37 0.5019    0.0040  -31.93
   87   38.44       305.      0.713       13.      9.16 0.5019    0.0047  -31.93
   88   39.59       299.      0.788      14.5      10.2 0.5076    0.0053  -31.74
   89   40.78       294.      0.829      15.4      10.9 0.5125    0.0059  -31.57
   90   42.00       291.      0.836      15.7      11.1 0.5229    0.0058  -31.57
   91   43.26       286.       0.83      15.7      11.1 0.5269    0.0061  -31.57
   92   44.56       283.      0.825      15.8      11.2 0.5372    0.0058  -31.42
   93   45.89       279.      0.866      16.7      11.8 0.5430    0.0059  -31.42
   94   47.27       275.      0.836      16.3      11.5 0.5518    0.0054  -31.68
   95   48.69       271.      0.829      16.4      11.6 0.5543    0.0052  -32.96
   96   50.15       267.      0.817      16.3      11.5 0.5594    0.0050  -33.63
   97   51.65       262.      0.854      17.3      12.2 0.5626    0.0055  -34.12
   98   53.20       257.      0.862      17.7      12.5 0.5621    0.0058  -34.14
   99   54.80       252.       0.89      18.5      13.1 0.5655    0.0061  -34.26
  100   56.44       249.      0.847      17.8      12.6 0.5716    0.0065  -34.38
  101   58.14       248.      0.792      16.8      11.8 0.5824    0.0057  -34.46
  102   59.88       249.      0.713      15.2      10.7 0.5971    0.0048  -34.25
  103   61.68       250.      0.674      14.4      10.2 0.6108    0.0039  -34.11
  104   63.53       249.      0.668      14.4      10.2 0.6217    0.0034  -34.39
  105   65.43       245.      0.653      14.2       10. 0.6274    0.0034  -34.81
  106   67.40       241.       0.68      14.9      10.6 0.6301    0.0046  -35.62
  107   69.42       236.      0.817      18.2      12.9 0.6322    0.0056  -36.74
  108   71.50       236.      0.771      17.2      12.2 0.6461    0.0042  -36.45
  109   73.65       233.      0.772      17.4      12.3 0.6523    0.0044  -36.97
  110   75.86       228.      0.771      17.6      12.4 0.6542    0.0050  -37.76
  111   78.13       205.      0.739      18.2      12.8 0.5804    0.0038  -37.55
  112   80.48       201.      0.776      19.3      13.6 0.5869    0.0044  -37.55
  113   82.89       196.      0.835       21.      14.8 0.5932    0.0054  -37.55
  114   85.38       189.      0.874      22.2      15.7 0.5932    0.0071  -37.55
  115   87.94       187.      0.943      24.2      17.1 0.6028    0.0066  -37.55
  116   90.58       197.      0.823      20.9      14.8 0.6305    0.0033  -37.18
  117   93.29       196.      0.836      21.4      15.1 0.6404    0.0029  -37.99
  118   96.09       189.      0.785      20.4      14.4 0.6426    0.0030  -38.59
  119   98.98       179.      0.823      21.7      15.3 0.6397    0.0041  -39.38
  120  101.94       158.      0.893      24.8      17.5 0.5953    0.0078  -41.33
  121  105.00       173.      0.956      25.6      18.1 0.6562    0.0042  -39.89
  122  108.15       162.      0.989      27.3      19.3 0.6399    0.0051  -41.72
  123  111.40       146.      0.843       25.      17.7 0.5630    0.0065  -37.52
  124  114.74       142.      0.796      23.9      16.9 0.5665    0.0059  -38.20
  125  118.18       137.      0.726      22.3      15.8 0.5593    0.0058  -40.49
  126  121.73       133.      0.704      21.9      15.5 0.5593    0.0062  -40.49
  127  125.38       127.      0.622      19.6      13.9 0.5593    0.0054  -40.49
  128  129.14       121.      0.604      19.4      13.7 0.5593    0.0103  -40.14
  129  133.02       128.      0.616      19.9      14.1 0.5701    0.0037  -37.46
  130  137.01       121.      0.658      21.6      15.2 0.5701    0.0081  -37.46
  131  141.12       113.      0.554      18.4       13. 0.5701     INDEF  -37.46
  132  145.35       108.      0.684      23.1      16.3 0.5701     INDEF  -37.46
  133  149.71       109.       3.26      112.      78.9 0.5701     INDEF  -37.46
  134  154.20       101.       2.51      87.2      61.7 0.5701     INDEF  -37.46
  135  158.83       91.3       0.75      26.5      18.7 0.5701     INDEF  -37.46
  136  163.59       86.5      0.726       26.      18.4 0.5701     INDEF  -37.46
  137  168.50       80.4      0.686      24.9      17.6 0.5701     INDEF  -37.46
  138  173.55       76.3      0.652      24.1       17. 0.5701     INDEF  -37.46
  139  178.76       71.9      0.533       20.      14.1 0.5701     INDEF  -37.46
  140  184.12       69.9      0.521      19.8       14. 0.5701     INDEF  -37.46
  141  189.65       70.8       1.54      59.3      41.9 0.5701     INDEF  -37.46
  142  195.34       80.6        6.8      266.      188. 0.5701     INDEF  -37.46
  143  201.20       69.3       2.97      118.      83.5 0.5701     INDEF  -37.46
  144  207.23       59.7      0.643      25.9      18.3 0.5701     INDEF  -37.46
  145  213.45       55.8      0.502      20.6      14.5 0.5701     INDEF  -37.46
  146  219.85       51.3      0.466      19.4      13.7 0.5701     INDEF  -37.46
  147  226.45       46.3      0.435      18.3       13. 0.5701     INDEF  -37.46
  148  233.24       41.3      0.393      16.8      11.9 0.5701     INDEF  -37.46
  149  240.24        37.      0.361      15.7      11.1 0.5701     INDEF  -37.46
  150  247.45       34.2      0.382      16.8      11.9 0.5701     INDEF  -37.46
  151  254.87       30.5      0.338      15.1      10.7 0.5701     INDEF  -37.46
  152  262.52       28.1      0.332       15.      10.6 0.5701     INDEF  -37.46
  153  270.39       25.9      0.334      15.4      10.9 0.5701     INDEF  -37.46
  154  278.50       23.3      0.333      15.6       11. 0.5701     INDEF  -37.46
  155  286.86       20.8       0.31      14.7      10.4 0.5701     INDEF  -37.46
  156  295.46        18.      0.237      11.4      8.05 0.5701     INDEF  -37.46
  157  304.33       15.8      0.209      10.2      7.22 0.5701     INDEF  -37.46
  158  313.46       13.7      0.179      8.87      6.27 0.5701     INDEF  -37.46
  159  322.86       11.7      0.167      8.42      5.95 0.5701     INDEF  -37.46
  160  332.55       10.4      0.155      7.91      5.59 0.5701     INDEF  -37.46
  161  342.52       8.37      0.135      7.02      4.96 0.5701     INDEF  -37.46
  162  352.80       7.11      0.131       6.9      4.88 0.5701     INDEF  -37.46
  163  363.38       5.46      0.103       5.5      3.89 0.5701     INDEF  -37.46
  164  374.29       4.22     0.0932      5.05      3.57 0.5701     INDEF  -37.46
  165  385.51       3.37     0.0867      4.77      3.37 0.5701     INDEF  -37.46
  166  397.08       2.62     0.0792      4.42      3.12 0.5701     INDEF  -37.46
  167  408.99       2.27     0.0786      4.45      3.15 0.5701     INDEF  -37.46
  168  421.26       1.88     0.0789      4.54      3.21 0.5701     INDEF  -37.46
  169  433.90       1.47     0.0765      4.46      3.15 0.5701     INDEF  -37.46
  170  446.92        2.5      0.391      23.1      16.4 0.5701     INDEF  -37.46
  171  460.32       2.03       0.28      16.8      11.9 0.5701     INDEF  -37.46
  172  474.13      0.925     0.0753      4.59      3.25 0.5701     INDEF  -37.46
  173  488.36      0.872     0.0795      4.92      3.48 0.5701     INDEF  -37.46
  174  503.01      0.721     0.0825      5.18      3.66 0.5701     INDEF  -37.46
  175  518.10      0.847     0.0834      5.31      3.76 0.5701     INDEF  -37.46
  176  533.64       1.14      0.167      10.8      7.66 0.5701     INDEF  -37.46
  177  549.65       1.05      0.129      8.48        6. 0.5701     INDEF  -37.46
  178  566.14       12.1       4.04      269.      190. 0.5701     INDEF  -37.46
  179  583.12       3.68       0.92      62.2       44. 0.5701     INDEF  -37.46
  180  600.62       1.12      0.137      9.37      6.63 0.5701     INDEF  -37.46
  181  618.64       2.78      0.469      32.7      23.1 0.5701     INDEF  -37.46
  182  637.20       21.9       6.32      447.      316. 0.5701     INDEF  -37.46
  183  656.31       2.03      0.447      32.1      22.7 0.5701     INDEF  -37.46
  184  676.00      0.584     0.0843      6.14      4.34 0.5701     INDEF  -37.46
  185  696.28      0.491     0.0711      5.25      3.72 0.5701     INDEF  -37.46
  186  717.17      0.331     0.0681       5.1      3.61 0.5701     INDEF  -37.46
  187  738.68      0.285     0.0781      5.95       4.2 0.5701     INDEF  -37.46
  188  760.85       0.33     0.0848      6.55      4.63 0.5701     INDEF  -37.46
  189  783.67      0.738      0.303      23.7      16.8 0.5701     INDEF  -37.46
  190  807.18      0.273     0.0697      5.54      3.92 0.5701     INDEF  -37.46
  191  831.40      0.796      0.264      21.3      15.1 0.5701     INDEF  -37.46
  192  856.34      0.855      0.163      13.4      9.44 0.5701     INDEF  -37.46
  193  882.03       1.29      0.166      13.8      9.75 0.5701     INDEF  -37.46
  194  908.49       4.76      0.813      68.6      48.5 0.5701     INDEF  -37.46
  195  935.74      0.841     0.0994      8.51      6.02 0.5701     INDEF  -37.46
  196  963.82       2.29      0.688      59.8      42.3 0.5701     INDEF  -37.46
  197  992.73      0.277     0.0658       5.8       4.1 0.5701     INDEF  -37.46
  198 1022.51      0.303     0.0634      5.67      4.01 0.5701     INDEF  -37.46
  199 1053.19      0.253     0.0641      5.82      4.12 0.5701     INDEF  -37.46
  200 1084.78      0.698       0.28      25.9      18.3 0.5701     INDEF  -37.46
  201 1117.33      0.117     0.0583      5.46      3.86 0.5701     INDEF  -37.46
  202 1150.85      0.117      0.059       5.6      3.96 0.5701     INDEF  -37.46
  203 1185.37      0.201      0.068      6.56      4.64 0.5701     INDEF  -37.46
  204 1220.93      0.207     0.0565      5.52      3.91 0.5701     INDEF  -37.46
  205 1257.56      0.705      0.167      16.6      11.8 0.5701     INDEF  -37.46
  206 1295.29      0.239     0.0799      8.05      5.69 0.5701     INDEF  -37.46
  207 1334.15     0.0619     0.0487      4.98      3.52 0.5701     INDEF  -37.46
  208 1374.17     0.0986     0.0582      6.04      4.27 0.5701     INDEF  -37.46
  209 1415.40       2.03      0.613      64.6      45.7 0.5701     INDEF  -37.46
  210 1457.86      0.266     0.0875      8.92       6.3 0.5701     INDEF  -37.46
  211 1501.59       1.52      0.466      46.9      33.2 0.5701     INDEF  -37.46
  212 1546.64      0.242     0.0979      9.78      6.92 0.5701     INDEF  -37.46
  213 1593.04      0.166     0.0549      5.45      3.85 0.5701     INDEF  -37.46
  214 1640.83      0.216     0.0641      6.34      4.49 0.5701     INDEF  -37.46
  215 1690.06       11.2       3.41      337.      238. 0.5701     INDEF  -37.46
  216 1740.76      0.019     0.0603      5.57      3.94 0.5701     INDEF  -37.46
  217 1792.98      0.878      0.204      18.2      12.9 0.5701     INDEF  -37.46
  218 1846.77      0.566      0.131      11.4      8.09 0.5701     INDEF  -37.46
  219 1902.17      0.262     0.0657      5.65      3.99 0.5701    0.0169  -37.46
