#            SECTION     NPIX     MEAN   MEDIAN   STDDEV      MIN      MAX
[1753:1757,1689:1693]       25   0.5173   -1.461    6.843   -13.27    17.63
[1511:1515,2035:2039]       25   0.9147   0.7955    4.215   -8.374    8.171
[1321:1325,2023:2027]       25   0.0621  -0.5097    2.987   -4.251    5.745
 [779:783,1960:1964]       25  -0.8554  -0.9757     6.64   -14.38     12.1
 [255:259,1926:1930]       25    2.351    0.885     6.98   -12.06    16.05
 [255:259,1833:1837]       25   -1.954   -1.387    6.692   -13.55    7.627
 [284:288,1712:1716]       25    1.797    1.538    6.998   -15.33    13.66
 [428:432,1707:1711]       25    -1.24   -2.073    7.529   -10.96    21.16
 [457:461,1568:1572]       25   -3.354    -2.49    6.827   -17.35    10.28
 [451:455,1453:1457]       25   0.4825    1.585    5.042   -11.28    8.115
 [601:605,1413:1417]       25    3.178    3.066    7.123   -10.58    14.75
 [566:570,1252:1256]       25   -1.749   -1.039    5.581   -12.04    8.707
 [457:461,1119:1123]       25  -0.1883   0.9375    5.882   -12.66    10.41
 [290:294,1021:1025]       25  -0.5321    -1.09    6.392   -15.17    9.992
   [94:98,1505:1509]       25  -0.7712  -0.2406    7.787   -16.18    16.96
     [94:98,854:858]       25   0.1911  0.02401     4.59   -7.698    7.812
   [123:127,756:760]       25   0.2278   0.2541    5.445    -11.2    12.02
   [370:374,601:605]       25  -0.7042  -0.4457    5.873   -13.29    10.55
   [451:455,393:397]       25   0.1113  -0.3631    6.145   -9.121    12.68
   [474:478,192:196]       25   -1.078   -0.856    6.806   -14.36    10.38
   [762:766,128:132]       25   0.4036   0.8637     4.43   -9.066    11.74
 [1113:1117,255:259]       25   -1.084  -0.4938    4.773   -9.189     6.57
 [1165:1169,468:472]       25   0.5104   0.4474    3.562   -6.752    9.318
 [1315:1319,578:582]       25    0.664     1.09    4.078   -7.685    8.173
 [2173:2177,514:518]       25   0.7285   0.9551    5.273   -12.02    10.65
[2167:2171,1182:1186]       25  -0.6711   -1.425    4.871   -10.41    9.405
 [1672:1676,900:904]       25   0.1459   0.3475    4.292   -11.27    8.672
 [1695:1699,768:772]       25 -0.05909    1.052    4.735     -11.    6.836
 [2185:2189,169:173]       25    0.593   0.7992    2.861   -4.075    7.551
[2329:2333,1004:1008]       25   0.5089   0.6446    4.153   -8.416    9.179
[2329:2333,1614:1618]       25   0.5065  -0.9313    6.009   -9.508    14.07
[2093:2097,1678:1682]       25 -0.06334  -0.4482    4.456   -8.026    7.427
     [157:161,65:69]       25  -0.9975   -1.305    3.993   -7.879    5.956
   [336:340,238:242]       25  -0.8018 -0.00711    7.158   -14.11     9.05
   [727:731,647:651]       25    1.519    2.624    5.512   -17.37    9.574
 [1125:1129,658:662]       25   0.6035     1.03    2.364   -4.527    5.615
[1056:1060,1540:1544]       25    1.079   0.3448    4.393   -5.509    8.698
[1528:1532,1171:1175]       25  -0.7104  -0.2208    3.882   -10.74      7.3
 [1678:1682,958:962]       25    0.803   0.4585    3.965   -7.733    8.846
[1770:1774,1609:1613]       25   0.3676  -0.1263    4.399   -6.958    9.286
 [428:432,1113:1117]       25   0.1294   0.3756    5.439   -10.13    9.937
 [2121:2125,560:564]       25  -0.5993   0.2942    4.138   -10.29    5.291
[1931:1935,1603:1607]       25  -0.1705   -1.125    6.612   -14.62    12.08
[1505:1509,2029:2033]       25  -0.9447  -0.6171    3.888   -8.462    8.377
[2375:2379,1580:1584]       25 -0.03087   -1.006    5.577   -8.984    10.88
[2375:2379,1004:1008]       25  -0.3392  0.01505    4.458   -10.01    11.17
 [2248:2252,261:265]       25    0.455   0.6327    5.042   -9.539    12.85
   [2121:2125,88:92]       25  -0.2009  -0.7172    3.679   -5.295    9.748
 [1355:1359,198:202]       25   -1.356   -2.335    4.795   -10.59    6.515
[1476:1480,1252:1256]       25  -0.3448  -0.8975    3.398    -6.46    5.176
[1563:1567,1459:1463]       25  -0.8244   0.1121    3.689   -8.184    6.012
[1044:1048,1586:1590]       25 -0.07544  -0.6702    3.886   -6.645    6.094
[1154:1158,1862:1866]       25   0.3627   0.3556    4.364   -9.665    7.467
[1545:1549,2000:2004]       25   0.1518  -0.2904    4.757   -7.636    10.64
       [30:34,13:17]       25  -0.9315   0.1687    3.801   -7.386    5.681
   [1269:1273,42:46]       25   0.3653 -0.05567     2.97   -6.423    5.601
   [2225:2229,94:98]       25    1.096    0.629     3.22   -7.907    8.432
 [2196:2200,612:616]       25   0.9314  0.01874    4.213   -10.12    8.919
 [128:132,1563:1567]       25   0.5472  -0.4219     6.33   -10.81     13.4
 [509:513,1499:1503]       25   -2.001   -2.447    5.775   -13.78    7.843
 [549:553,1384:1388]       25   -0.431   0.1646    5.774   -14.33    11.46
   [445:449,146:150]       25  -0.7841   -2.117    6.388   -13.43    10.02
 [123:127,1534:1538]       25    2.997    4.373    6.122   -8.392    16.88
[1050:1054,1528:1532]       25   0.9264   0.4956    3.355   -3.695    7.079
[1643:1647,1033:1037]       25  -0.9554  -0.8679    4.189   -8.065    10.78
 [1643:1647,871:875]       25   -1.427   -1.757      4.5   -9.602     7.89
 [1142:1146,606:610]       25   0.6867    1.415    4.327   -10.97    7.435
 [2179:2183,509:513]       25  -0.6237   -1.756     6.65   -17.68    12.84
 [2214:2218,105:109]       25  -0.6022  -0.7807     3.84   -6.735    6.276
   [2352:2356,71:75]       25   -1.465  -0.7421    3.907   -10.58    5.387
   [2358:2362,19:23]       25  -0.5428  -0.1525    4.669   -7.672    6.607
[2317:2321,1551:1555]       25    1.272    1.077    4.333   -7.064    12.41
 [768:772,1943:1947]       25   0.8362     0.88    5.363   -12.76    14.26
 [249:253,1966:1970]       25   -1.964   -3.938    5.805   -9.923    9.384
   [82:86,1522:1526]       25   -0.401 -0.09043    6.128   -13.68    12.08
   [117:121,843:847]       25   -1.852   -2.072    5.835   -15.42    9.275
   [710:714,647:651]       25    -1.79   -1.045    6.842   -16.96     9.52
   [658:662,307:311]       25    3.209    5.333    8.547   -11.16    16.52
     [117:121,48:52]       25   -1.108   -2.495    4.412   -7.853    7.103
 [1263:1267,163:167]       25   0.2942   0.1939    4.397   -8.954    9.225
 [1396:1400,941:945]       25    2.237    1.804     3.47   -3.232    9.857
 [1689:1693,918:922]       25    1.542    0.673    4.091   -5.482    8.173
[2231:2235,1655:1659]       25  -0.1973  -0.3524    6.568   -10.64    15.37
[2202:2206,1252:1256]       25   -3.128   -3.774    6.875   -19.19    10.48
 [762:766,1937:1941]       25    2.968    3.826    6.804   -8.166    16.86
[1540:1544,1177:1181]       25    3.029     2.78    4.602   -7.052    15.58
   [405:409,658:662]       25    1.067    1.838    5.567   -14.17    12.64
     [88:92,825:829]       25    0.204   0.3502    7.913   -19.17    14.38
 [100:104,1563:1567]       25  -0.7893   0.8455    6.844   -15.81    9.469
 [491:495,1954:1958]       25    1.521    2.996    5.715   -11.84    10.66
 [249:253,1972:1976]       25  -0.4232   0.9233    4.907   -9.076    9.423
[2352:2356,1540:1544]       25   -1.888   -2.995     6.03   -11.62    9.898
[2352:2356,1586:1590]       25    2.347    1.799    4.328   -5.897    9.959
[1649:1653,1517:1521]       25  -0.1732  -0.1674    3.531   -6.566    7.334
[1678:1682,1851:1855]       25     -1.3   -1.784     4.31   -8.809    6.282
[1545:1549,2029:2033]       25  -0.2427  -0.5117    4.836   -8.301    8.775
[1044:1048,1989:1993]       25  -0.4479   0.5995    4.585   -11.11    7.138
 [1194:1198,491:495]       25  -0.6249  0.05259    4.259   -11.11    9.823
   [727:731,595:599]       25     1.47    2.045    5.125   -7.862    9.661
   [687:691,157:161]       25    1.736    0.915    7.551   -11.06    17.27
 [647:651,1447:1451]       25   0.5646   0.9759    6.323   -11.29    10.72
