#            SECTION     NPIX     MEAN   MEDIAN   STDDEV      MIN      MAX
[2133:2137,1258:1262]       25    1.236   0.6114    5.327   -10.39    11.27
[1151:1155,2215:2219]       25       0.       0.       0.       0.       0.
 [212:216,2233:2237]       25       0.       0.       0.       0.       0.
   [571:575,216:220]       25  -0.3793   0.8374      6.4   -16.08    9.242
 [2140:2144,194:198]       25    1.211   0.5214    3.415    -5.06    9.472
 [735:739,1778:1782]       25    2.939    4.187     7.99    -16.4    19.68
 [119:123,1624:1628]       25   0.4487   0.2361    6.707   -12.78    10.74
[1094:1098,2172:2176]       25       0.       0.       0.       0.       0.
   [431:435,227:231]       25    1.689    1.981    4.542   -6.347    11.69
 [1592:1596,986:990]       25  -0.7128   -0.834    3.895   -10.67    9.193









#            SECTION     NPIX     MEAN   MEDIAN   STDDEV      MIN      MAX
[1253:1257,1150:1154]       25    71.04    71.01    8.665    56.21    92.73
[1141:1145,1269:1273]       25    57.69    57.92     7.36    47.31    70.89
[1008:1012,1285:1289]       25  -0.5185   -1.186    3.765   -8.417    8.981
 [988:992,1098:1102]       25    9.276    10.26    4.241   0.4916    15.85
[1182:1186,1079:1083]       25    84.89    84.17    8.275    70.14    102.8
[1399:1403,1063:1067]       25    1.159   0.7686    3.802   -4.608    8.574
[1498:1502,1185:1189]       25    1.689    2.829      3.9   -9.141    7.248
 [907:911,1365:1369]       25   -2.339     -1.5    7.478   -16.67    11.85
[1022:1026,1305:1309]       25    2.249    2.028    3.299   -5.009    7.781
[1166:1170,1277:1281]       25    94.37    96.66    6.361    76.59    102.8
[1230:1234,1030:1034]       25     9.93    9.169    4.329    2.593      19.
[1045:1049,1043:1047]       25    58.33    59.76    5.482    44.42    65.77
[1365:1369,1153:1157]       25    2.527    3.324     4.23    -6.75      10.
[1356:1360,1293:1297]       25    34.99     34.9    4.625    24.07    43.14
[1487:1491,1054:1058]       25   -1.622   -2.327    3.399   -6.266    7.368
[1504:1508,1195:1199]       25   0.5118   0.2969    3.425   -7.537    6.125
[1127:1131,1169:1173]       25    162.2    162.7    6.652    151.5    179.6
 [977:981,1198:1202]       25    2.149    1.897    4.483   -5.804    11.71
 [971:975,1264:1268]       25    1.129   0.9503     2.87    -4.15    6.094
[1243:1247,1319:1323]       25    94.09    93.72    4.569    87.44    106.7
[1350:1354,1080:1084]       25   0.4454  -0.3206    3.824   -6.741    8.501
[1303:1307,1002:1006]       25    2.628    1.349    3.868   -4.273    9.602
[1153:1157,1023:1027]       25    56.05    56.24    3.589    49.49     62.4
 [924:928,1063:1067]       25    2.562    1.977    5.123   -5.335    12.63
 [919:923,1152:1156]       25 -0.04915   0.3939    4.367   -9.055    7.114
[1097:1101,1352:1356]       25    2.403    2.431    3.358   -3.546    7.657
[1252:1256,1369:1373]       25    52.22    51.26    6.305    39.54    64.54
[1362:1366,1315:1319]       25    34.85    35.15    4.095    27.68    42.93
[1390:1394,1121:1125]       25   0.6059   0.4526     3.42   -6.215    7.763
[1344:1348,1050:1054]       25    7.745    6.573    6.157   -2.079    21.08
[1310:1314,1061:1065]       25    6.251    6.056    5.052   -1.139    19.21
[1103:1107,1258:1262]       25    33.89     33.1    9.465    14.04    50.62
 [977:981,1354:1358]       25    1.519   0.6919    3.805   -4.366    11.07
 [898:902,1371:1375]       25   -1.785  -0.9995    6.285   -12.74    7.849
 [858:862,1262:1266]       25    2.488    3.996    4.672   -7.652    11.97
 [887:891,1017:1021]       25  0.03454   0.3146    6.702   -17.03    8.383
 [963:967,1019:1023]       25    10.21    10.18    4.528  -0.6286    18.69
[1232:1236,1041:1045]       25    14.69    14.35    3.673     5.34    21.05
[1376:1380,1055:1059]       25  -0.3144  -0.3431    4.002   -9.957    7.974
[1420:1424,1181:1185]       25    2.696    3.148    3.566   -6.502    8.332
[1418:1422,1310:1314]       25    7.384    7.377    2.717    2.256    15.59
[1436:1440,1317:1321]       25    4.465    4.393    5.247   -4.354    12.94
[1448:1452,1242:1246]       25   0.4831    1.181    4.235   -10.38     8.85
[1460:1464,1128:1132]       25   0.1927   0.4673    2.965   -4.626    5.729
[1460:1464,1110:1114]       25   -1.081   0.2122     4.89   -13.65     7.65


#            SECTION     NPIX     MEAN   MEDIAN   STDDEV      MIN      MAX
[1425:1429,1138:1142]       25   0.2388   0.1485    4.537    -8.89    10.62
[1475:1479,1299:1303]       25  -0.6214  -0.7171    4.401   -8.116    8.459
[1009:1013,1377:1381]       25  -0.9754  -0.5879    3.685   -12.47    5.047
 [900:904,1301:1305]       25   -1.332   0.1666     6.51   -12.93    12.55
 [945:949,1135:1139]       25   0.1962  -0.4369    5.634   -9.992    15.13
[1481:1485,1043:1047]       25    1.954    1.719    3.715   -5.573    8.875
 [919:923,1041:1045]       25    2.758    3.917    5.992   -11.19    14.01
